Node 11 tux176, 10130 0 0 links 12 21
Node 12 tux176, 10131 0 100 links 11 13 22
Node 13 tux176, 10132 0 200 links 12 14 23
Node 14 tux176, 10133 0 300 links 13 24
Node 21 tux176, 10134 100 0 links 11 22 31
Node 22 tux176, 10135 100 100 links 12 21 23 32
Node 23 tux176, 10136 100 200 links 13 22 24 33
Node 24 tux176, 10137 100 300 links 14 23 34
Node 31 tux177, 10130 200 0 links 21 32 41
Node 32 tux177, 10131 200 100 links 22 31 33 42
Node 33 tux177, 10142 200 200 links 23 32 34 43
Node 34 tux177, 10143 200 300 links 24 33 44
Node 41 tux177, 10144 300 0 links 31 42
Node 42 tux177, 10145 300 100 links 32 41 43
Node 43 tux177, 10146 300 200 links 33 42 44
Node 44 tux177, 10147 300 300 links 34 43
