Node 1 tux176, 10130 110 125 links 2 4 7 8 10 11 15
Node 2 tux176, 10131 141 61 links 1 7 8 11 12 13
Node 3 tux176, 10132 90 274 links 4 5 6 14 15 16
Node 4 tux176, 10133 96 184 links 1 3 5 6 7 10 15 16
Node 5 tux176, 10134 104 259 links 3 4 6 14 15 16
Node 6 tux176, 10135 129 258 links 3 4 5 14 15 16
Node 7 tux176, 10136 93 142 links 1 2 4 8 10 11 15
Node 8 tux176, 10137 135 80 links 1 2 7 11 12 13
Node 9 tux177, 10130 228 235 links 14 15
Node 10 tux177, 10131 62 156 links 1 4 7
Node 11 tux177, 10132 154 96 links 1 2 7 8 12 13
Node 12 tux177, 10133 211 45 links 2 8 11 13
Node 13 tux177, 10134 217 35 links 2 8 11 12
Node 14 tux177, 10135 155 276 links 3 5 6 9 15 16
Node 15 tux177, 10136 159 209 links 1 3 4 5 6 7 9 14 16
Node 16 tux177, 10137 87 269 links 3 4 5 6 14 15

